service_id,monday,tuesday,wednesday,thursday,friday,saturday,sunday,start_date,end_date
M20170918-000m-Semaine-01,1,1,1,1,1,0,0,20171023,20171117
M20170918-000m-Samedi-01,0,0,0,0,0,1,0,20171028,20171118
M20170918-000m-Dimanche-01,0,0,0,0,0,0,1,20171029,20171119
M20170918-000m-Semaine-50,1,1,1,1,1,0,0,20171030,20171103
M20170918-000m-Semaine-02,1,1,1,1,1,0,0,20171110,20171110
M20170918-000m-Dimanche-03,0,0,0,0,0,0,1,20171111,20171112
T20170918-003t-Semaine-06,1,1,1,1,1,0,0,20171023,20171117
T20170918-003t-Semaine-07,1,1,1,1,1,0,0,20171027,20171027
T20170918-003t-Samedi-04,0,0,0,0,0,1,0,20171028,20171028
T20170918-003t-Dimanche-04,0,0,0,0,0,0,1,20171029,20171029
T20170918-003t-Semaine-51,1,1,1,1,1,0,0,20171030,20171030
T20170918-003t-Semaine-52,1,1,1,1,1,0,0,20171031,20171031
T20170918-003t-Dimanche-02,0,0,0,0,0,0,1,20171101,20171119
T20170918-003t-Semaine-50,1,1,1,1,1,0,0,20171102,20171103
T20170918-003t-Samedi-03,0,0,0,0,0,1,0,20171104,20171118
T20170918-004t-Semaine-00,1,1,1,1,1,0,0,20171023,20171117
T20170918-004t-Samedi-01,0,0,0,0,0,1,0,20171028,20171028
T20170918-004t-Dimanche-03,0,0,0,0,0,0,1,20171029,20171029
T20170918-004t-Semaine-51,1,1,1,1,1,0,0,20171030,20171030
T20170918-004t-Semaine-50,1,1,1,1,1,0,0,20171031,20171103
T20170918-004t-Dimanche-02,0,0,0,0,0,0,1,20171101,20171119
T20170918-004t-Samedi-04,0,0,0,0,0,1,0,20171104,20171118
T20170918-007t-Semaine-04,1,1,1,1,1,0,0,20171023,20171117
T20170918-007t-Samedi-07,0,0,0,0,0,1,0,20171028,20171028
T20170918-007t-Dimanche-05,0,0,0,0,0,0,1,20171029,20171029
T20170918-007t-Semaine-51,1,1,1,1,1,0,0,20171030,20171030
T20170918-007t-Semaine-50,1,1,1,1,1,0,0,20171031,20171103
T20170918-007t-Dimanche-02,0,0,0,0,0,0,1,20171101,20171119
T20170918-007t-Samedi-05,0,0,0,0,0,1,0,20171104,20171118
T20170918-019t-Semaine-05,1,1,1,1,1,0,0,20171023,20171117
T20170918-019t-Semaine-70,1,1,1,1,1,0,0,20171025,20171115
T20170918-019t-Samedi-05,0,0,0,0,0,1,0,20171028,20171118
T20170918-019t-Dimanche-03,0,0,0,0,0,0,1,20171029,20171119
T20170918-019t-Semaine-50,1,1,1,1,1,0,0,20171030,20171103
T20170918-025t-Semaine-03,1,1,1,1,1,0,0,20171023,20171117
T20170918-025t-Samedi-05,0,0,0,0,0,1,0,20171028,20171118
T20170918-025t-Dimanche-02,0,0,0,0,0,0,1,20171029,20171119
T20170918-025t-Semaine-50,1,1,1,1,1,0,0,20171030,20171103
T20170918-025t-Semaine-01,1,1,1,1,1,0,0,20171114,20171116
T20170918-03944t-Semaine-06,1,1,1,1,1,0,0,20171023,20171117
T20170918-03944t-Samedi-03,0,0,0,0,0,1,0,20171028,20171118
T20170918-03944t-Dimanche-02,0,0,0,0,0,0,1,20171029,20171119
T20170918-03944t-Semaine-50,1,1,1,1,1,0,0,20171030,20171103
T20170918-051t-Semaine-03,1,1,1,1,1,0,0,20171023,20171117
T20170918-051t-Semaine-02,1,1,1,1,1,0,0,20171025,20171115
T20170918-051t-Samedi-04,0,0,0,0,0,1,0,20171028,20171118
T20170918-051t-Dimanche-02,0,0,0,0,0,0,1,20171029,20171119
T20170918-051t-Semaine-50,1,1,1,1,1,0,0,20171030,20171103
T20170918-081t-Semaine-04,1,1,1,1,1,0,0,20171023,20171116
T20170918-081t-Semaine-02,1,1,1,1,1,0,0,20171027,20171117
T20170918-081t-Samedi-06,0,0,0,0,0,1,0,20171028,20171118
T20170918-081t-Dimanche-05,0,0,0,0,0,0,1,20171029,20171119
T20170918-081t-Semaine-50,1,1,1,1,1,0,0,20171030,20171103
T20170918-081t-Dimanche-02,0,0,0,0,0,0,1,20171111,20171112
T20170918-092t-Semaine-02,1,1,1,1,1,0,0,20171023,20171027
T20170918-092t-Samedi-04,0,0,0,0,0,1,0,20171028,20171118
T20170918-092t-Dimanche-02,0,0,0,0,0,0,1,20171029,20171119
T20170918-092t-Semaine-50,1,1,1,1,1,0,0,20171030,20171103
T20170918-092t-Semaine-03,1,1,1,1,1,0,0,20171106,20171117
T20170918-092t-Dimanche-05,0,0,0,0,0,0,1,20171111,20171111
T20170918-093t-Semaine-02,1,1,1,1,1,0,0,20171023,20171117
T20170918-093t-Samedi-03,0,0,0,0,0,1,0,20171028,20171118
T20170918-093t-Dimanche-02,0,0,0,0,0,0,1,20171029,20171119
T20170918-093t-Semaine-50,1,1,1,1,1,0,0,20171030,20171103
T20170918-093t-Dimanche-04,0,0,0,0,0,0,1,20171111,20171111
T20170918-093t-Semaine-04,1,1,1,1,1,0,0,20171114,20171116
T20170918-094t-Semaine-03,1,1,1,1,1,0,0,20171023,20171117
T20170918-094t-Samedi-03,0,0,0,0,0,1,0,20171028,20171118
T20170918-094t-Dimanche-02,0,0,0,0,0,0,1,20171029,20171119
T20170918-094t-Semaine-50,1,1,1,1,1,0,0,20171030,20171103
T20170918-097t-Semaine-04,1,1,1,1,1,0,0,20171023,20171117
T20170918-097t-Samedi-03,0,0,0,0,0,1,0,20171028,20171118
T20170918-097t-Dimanche-02,0,0,0,0,0,0,1,20171029,20171119
T20170918-097t-Semaine-50,1,1,1,1,1,0,0,20171030,20171103
T20170918-3282t-Semaine-03,1,1,1,1,1,0,0,20171023,20171117
T20170918-3282t-Samedi-05,0,0,0,0,0,1,0,20171028,20171118
T20170918-3282t-Dimanche-02,0,0,0,0,0,0,1,20171029,20171119
T20170918-3282t-Semaine-50,1,1,1,1,1,0,0,20171030,20171103
T20170918-3282t-Semaine-04,1,1,1,1,1,0,0,20171114,20171116
T20170918-556232t-Semaine-03,1,1,1,1,1,0,0,20171023,20171117
T20170918-556232t-Samedi-03,0,0,0,0,0,1,0,20171028,20171118
T20170918-556232t-Dimanche-02,0,0,0,0,0,0,1,20171029,20171119
T20170918-556232t-Semaine-50,1,1,1,1,1,0,0,20171030,20171103
T20170918-556232t-Semaine-04,1,1,1,1,1,0,0,20171114,20171116
B20170918-BRESIM01-Semaine-01,1,1,1,1,1,0,0,20171023,20171026
B20170918-BRESIM01-Semaine-03,1,1,1,1,1,0,0,20171024,20171024
B20170918-BRESIM03-Semaine-32,1,1,1,1,1,0,0,20171025,20171025
B20170918-BRESIM05-Semaine-52,1,1,1,1,1,0,0,20171027,20171027
B20170918-BRESIM06-Samedi-01,0,0,0,0,0,1,0,20171028,20171028
B20170918-BRESIM07-Dimanche-01,0,0,0,0,0,0,1,20171029,20171105
B20170918-BRESIM01-Semaine-70,1,1,1,1,1,0,0,20171030,20171102
B20170918-BRESIM07-Dimanche-04,0,0,0,0,0,0,1,20171101,20171101
B20170918-BRESIM05-Semaine-82,1,1,1,1,1,0,0,20171103,20171103
B20170918-BRESIM06-Samedi-03,0,0,0,0,0,1,0,20171104,20171104
B20170918-BRESIM01-Semaine-04,1,1,1,1,1,0,0,20171106,20171116
B20170918-BRESIM01-Semaine-05,1,1,1,1,1,0,0,20171107,20171114
B20170918-BRESIM03-Semaine-33,1,1,1,1,1,0,0,20171108,20171108
B20170918-BRESIM05-Semaine-53,1,1,1,1,1,0,0,20171110,20171110
B20170918-BRESIM07-Dimanche-06,0,0,0,0,0,0,1,20171111,20171111
B20170918-BRESIM07-Dimanche-07,0,0,0,0,0,0,1,20171112,20171112
B20170918-BRESIM03-Semaine-34,1,1,1,1,1,0,0,20171115,20171115
B20170918-BRESIM05-Semaine-51,1,1,1,1,1,0,0,20171117,20171117
B20170918-BRESIM06-Samedi-05,0,0,0,0,0,1,0,20171118,20171118
B20170918-BRESIM07-Dimanche-05,0,0,0,0,0,0,1,20171119,20171119
B20170918-DELMER01-Semaine-02,1,1,1,1,1,0,0,20171023,20171114
B20170918-DELMER03-Semaine-02,1,1,1,1,1,0,0,20171025,20171108
B20170918-DELMER05-Semaine-02,1,1,1,1,1,0,0,20171027,20171027
B20170918-DELMER06-Samedi-04,0,0,0,0,0,1,0,20171028,20171104
B20170918-DELMER07-Dimanche-03,0,0,0,0,0,0,1,20171029,20171119
B20170918-DELMER01-Semaine-70,1,1,1,1,1,0,0,20171030,20171102
B20170918-DELMER07-Dimanche-04,0,0,0,0,0,0,1,20171101,20171101
B20170918-DELMER05-Semaine-80,1,1,1,1,1,0,0,20171103,20171103
B20170918-DELMER01-Semaine-04,1,1,1,1,1,0,0,20171109,20171109
B20170918-DELMER05-Semaine-04,1,1,1,1,1,0,0,20171110,20171110
B20170918-DELMER07-Dimanche-05,0,0,0,0,0,0,1,20171111,20171111
B20170918-DELMER03-Semaine-03,1,1,1,1,1,0,0,20171115,20171115
B20170918-DELMER01-Semaine-06,1,1,1,1,1,0,0,20171116,20171116
B20170918-DELMER05-Semaine-05,1,1,1,1,1,0,0,20171117,20171117
B20170918-DELMER06-Samedi-06,0,0,0,0,0,1,0,20171118,20171118
B20170918-HAR01-Semaine-05,1,1,1,1,1,0,0,20171023,20171026
B20170918-HAR03-Semaine-05,1,1,1,1,1,0,0,20171025,20171025
B20170918-HAR05-Semaine-04,1,1,1,1,1,0,0,20171027,20171027
B20170918-HAR06-Samedi-08,0,0,0,0,0,1,0,20171028,20171028
B20170918-HAR07-Dimanche-07,0,0,0,0,0,0,1,20171029,20171029
B20170918-HAR01-Semaine-71,1,1,1,1,1,0,0,20171030,20171030
B20170918-HAR01-Semaine-70,1,1,1,1,1,0,0,20171031,20171102
B20170918-HAR07-Dimanche-08,0,0,0,0,0,0,1,20171101,20171101
B20170918-HAR05-Semaine-70,1,1,1,1,1,0,0,20171103,20171103
B20170918-HAR06-Samedi-07,0,0,0,0,0,1,0,20171104,20171104
B20170918-HAR07-Dimanche-06,0,0,0,0,0,0,1,20171105,20171105
B20170918-HAR01-Semaine-08,1,1,1,1,1,0,0,20171106,20171116
B20170918-HAR03-Semaine-07,1,1,1,1,1,0,0,20171108,20171115
B20170918-HAR05-Semaine-08,1,1,1,1,1,0,0,20171110,20171117
B20170918-HAR07-Dimanche-11,0,0,0,0,0,0,1,20171111,20171111
B20170918-HAR07-Dimanche-10,0,0,0,0,0,0,1,20171112,20171112
B20170918-HAR06-Samedi-09,0,0,0,0,0,1,0,20171118,20171118
B20170918-HAR07-Dimanche-09,0,0,0,0,0,0,1,20171119,20171119
B20170918-ILE01-Semaine-05,1,1,1,1,1,0,0,20171023,20171026
B20170918-ILE03-Semaine-04,1,1,1,1,1,0,0,20171025,20171025
B20170918-ILE05-Semaine-05,1,1,1,1,1,0,0,20171027,20171027
B20170918-ILE06-Samedi-08,0,0,0,0,0,1,0,20171028,20171104
B20170918-ILE07-Dimanche-07,0,0,0,0,0,0,1,20171029,20171105
B20170918-ILE01-Semaine-70,1,1,1,1,1,0,0,20171030,20171102
B20170918-ILE07-Dimanche-08,0,0,0,0,0,0,1,20171101,20171101
B20170918-ILE05-Semaine-80,1,1,1,1,1,0,0,20171103,20171103
B20170918-ILE01-Semaine-06,1,1,1,1,1,0,0,20171106,20171116
B20170918-ILE03-Semaine-05,1,1,1,1,1,0,0,20171108,20171115
B20170918-ILE05-Semaine-07,1,1,1,1,1,0,0,20171110,20171110
B20170918-ILE07-Dimanche-13,0,0,0,0,0,0,1,20171111,20171111
B20170918-ILE07-Dimanche-12,0,0,0,0,0,0,1,20171112,20171112
B20170918-ILE05-Semaine-08,1,1,1,1,1,0,0,20171117,20171117
B20170918-ILE06-Samedi-11,0,0,0,0,0,1,0,20171118,20171118
B20170918-ILE07-Dimanche-14,0,0,0,0,0,0,1,20171119,20171119
T20170918-RFN-Semaine-02,1,1,1,1,1,0,0,20171024,20171115
T20170918-RFN-Samedi-02,0,0,0,0,0,1,0,20171104,20171104
T20170918-RFN-Dimanche-02,0,0,0,0,0,0,1,20171111,20171111
